00
01
0101
01011950
01011951
01011952
01011953
01011954
01011955
01011956
01011957
01011958
01011959
01011960
01011961
01011962
01011963
01011964
01011965
01011966
01011967
01011968
01011969
01011970
01011971
01011972
01011973
01011974
01011975
01011976
01011977
01011978
01011979
01011980
01011981
01011982
01011983
01011984
01011985
01011986
01011987
01011988
01011989
01011990
01011991
01011992
01011993
01011994
01011995
01011996
01011997
01011998
01011999
01012000
01012001
01012002
01012003
01012004
01012005
01012006
01012007
01012008
01012009
01012010
01012011
01012012
01012013
01012014
01012015
01012016
01012017
01012018
01012019
01012020
01012021
01012022
01012023
01012024
01012025
0102
0103
0104
0105
0106
0107
0108
0109
0110
0111
0112
0113
0114
0115
0116
0117
0118
0119
0120
0121
0122
0123
0124
0125
0126
0127
0128
02
0201
02011950
02011951
02011952
02011953
02011954
02011955
02011956
02011957
02011958
02011959
02011960
02011961
02011962
02011963
02011964
02011965
02011966
02011967
02011968
02011969
02011970
02011971
02011972
02011973
02011974
02011975
02011976
02011977
02011978
02011979
02011980
02011981
02011982
02011983
02011984
02011985
02011986
02011987
02011988
02011989
02011990
02011991
02011992
02011993
02011994
02011995
02011996
02011997
02011998
02011999
02012000
02012001
02012002
02012003
02012004
02012005
02012006
02012007
02012008
02012009
02012010
02012011
02012012
02012013
02012014
02012015
02012016
02012017
02012018
02012019
02012020
02012021
02012022
02012023
02012024
02012025
0202
0203
0204
0205
0206
0207
0208
0209
0210
0211
0212
0213
0214
0215
0216
0217
0218
0219
0220
0221
0222
0223
0224
0225
0226
0227
0228
03
0301
03011950
03011951
03011952
03011953
03011954
03011955
03011956
03011957
03011958
03011959
03011960
03011961
03011962
03011963
03011964
03011965
03011966
03011967
03011968
03011969
03011970
03011971
03011972
03011973
03011974
03011975
03011976
03011977
03011978
03011979
03011980
03011981
03011982
03011983
03011984
03011985
03011986
03011987
03011988
03011989
03011990
03011991
03011992
03011993
03011994
03011995
03011996
03011997
03011998
03011999
03012000
03012001
03012002
03012003
03012004
03012005
03012006
03012007
03012008
03012009
03012010
03012011
03012012
03012013
03012014
03012015
03012016
03012017
03012018
03012019
03012020
03012021
03012022
03012023
03012024
03012025
0302
0303
0304
0305
0306
0307
0308
0309
0310
0311
0312
0313
0314
0315
0316
0317
0318
0319
0320
0321
0322
0323
0324
0325
0326
0327
0328
04
0401
04011950
04011951
04011952
04011953
04011954
04011955
04011956
04011957
04011958
04011959
04011960
04011961
04011962
04011963
04011964
04011965
04011966
04011967
04011968
04011969
04011970
04011971
04011972
04011973
04011974
04011975
04011976
04011977
04011978
04011979
04011980
04011981
04011982
04011983
04011984
04011985
04011986
04011987
04011988
04011989
04011990
04011991
04011992
04011993
04011994
04011995
04011996
04011997
04011998
04011999
04012000
04012001
04012002
04012003
04012004
04012005
04012006
04012007
04012008
04012009
04012010
04012011
04012012
04012013
04012014
04012015
04012016
04012017
04012018
04012019
04012020
04012021
04012022
04012023
04012024
04012025
0402
0403
0404
0405
0406
0407
0408
0409
0410
0411
0412
0413
0414
0415
0416
0417
0418
0419
0420
0421
0422
0423
0424
0425
0426
0427
0428
05
0501
05011950
05011951
05011952
05011953
05011954
05011955
05011956
05011957
05011958
05011959
05011960
05011961
05011962
05011963
05011964
05011965
05011966
05011967
05011968
05011969
05011970
05011971
05011972
05011973
05011974
05011975
05011976
05011977
05011978
05011979
05011980
05011981
05011982
05011983
05011984
05011985
05011986
05011987
05011988
05011989
05011990
05011991
05011992
05011993
05011994
05011995
05011996
05011997
05011998
05011999
05012000
05012001
05012002
05012003
05012004
05012005
05012006
05012007
05012008
05012009
05012010
05012011
05012012
05012013
05012014
05012015
05012016
05012017
05012018
05012019
05012020
05012021
05012022
05012023
05012024
05012025
0502
0503
0504
0505
0506
0507
0508
0509
0510
0511
0512
0513
0514
0515
0516
0517
0518
0519
0520
0521
0522
0523
0524
0525
0526
0527
0528
06
0601
06011950
06011951
06011952
06011953
06011954
06011955
06011956
06011957
06011958
06011959
06011960
06011961
06011962
06011963
06011964
06011965
06011966
06011967
06011968
06011969
06011970
06011971
06011972
06011973
06011974
06011975
06011976
06011977
06011978
06011979
06011980
06011981
06011982
06011983
06011984
06011985
06011986
06011987
06011988
06011989
06011990
06011991
06011992
06011993
06011994
06011995
06011996
06011997
06011998
06011999
06012000
06012001
06012002
06012003
06012004
06012005
06012006
06012007
06012008
06012009
06012010
06012011
06012012
06012013
06012014
06012015
06012016
06012017
06012018
06012019
06012020
06012021
06012022
06012023
06012024
06012025
0602
0603
0604
0605
0606
0607
0608
0609
0610
0611
0612
0613
0614
0615
0616
0617
0618
0619
0620
0621
0622
0623
0624
0625
0626
0627
0628
07
0701
07011950
07011951
07011952
07011953
07011954
07011955
07011956
07011957
07011958
07011959
07011960
07011961
07011962
07011963
07011964
07011965
07011966
07011967
07011968
07011969
07011970
07011971
07011972
07011973
07011974
07011975
07011976
07011977
07011978
07011979
07011980
07011981
07011982
07011983
07011984
07011985
07011986
07011987
07011988
07011989
07011990
07011991
07011992
07011993
07011994
07011995
07011996
07011997
07011998
07011999
07012000
07012001
07012002
07012003
07012004
07012005
07012006
07012007
07012008
07012009
07012010
07012011
07012012
07012013
07012014
07012015
07012016
07012017
07012018
07012019
07012020
07012021
07012022
07012023
07012024
07012025
0702
0703
0704
0705
0706
0707
0708
0709
0710
0711
0712
0713
0714
0715
0716
0717
0718
0719
0720
0721
0722
0723
0724
0725
0726
0727
0728
08
0801
08011950
08011951
08011952
08011953
08011954
08011955
08011956
08011957
08011958
08011959
08011960
08011961
08011962
08011963
08011964
08011965
08011966
08011967
08011968
08011969
08011970
08011971
08011972
08011973
08011974
08011975
08011976
08011977
08011978
08011979
08011980
08011981
08011982
08011983
08011984
08011985
08011986
08011987
08011988
08011989
08011990
08011991
08011992
08011993
08011994
08011995
08011996
08011997
08011998
08011999
08012000
08012001
08012002
08012003
08012004
08012005
08012006
08012007
08012008
08012009
08012010
08012011
08012012
08012013
08012014
08012015
08012016
08012017
08012018
08012019
08012020
08012021
08012022
08012023
08012024
08012025
0802
0803
0804
0805
0806
0807
0808
0809
0810
0811
0812
0813
0814
0815
0816
0817
0818
0819
0820
0821
0822
0823
0824
0825
0826
0827
0828
09
0901
09011950
09011951
09011952
09011953
09011954
09011955
09011956
09011957
09011958
09011959
09011960
09011961
09011962
09011963
09011964
09011965
09011966
09011967
09011968
09011969
09011970
09011971
09011972
09011973
09011974
09011975
09011976
09011977
09011978
09011979
09011980
09011981
09011982
09011983
09011984
09011985
09011986
09011987
09011988
09011989
09011990
09011991
09011992
09011993
09011994
09011995
09011996
09011997
09011998
09011999
09012000
09012001
09012002
09012003
09012004
09012005
09012006
09012007
09012008
09012009
09012010
09012011
09012012
09012013
09012014
09012015
09012016
09012017
09012018
09012019
09012020
09012021
09012022
09012023
09012024
09012025
0902
0903
0904
0905
0906
0907
0908
0909
0910
0911
0912
0913
0914
0915
0916
0917
0918
0919
0920
0921
0922
0923
0924
0925
0926
0927
0928
10
1001
10011950
10011951
10011952
10011953
10011954
10011955
10011956
10011957
10011958
10011959
10011960
10011961
10011962
10011963
10011964
10011965
10011966
10011967
10011968
10011969
10011970
10011971
10011972
10011973
10011974
10011975
10011976
10011977
10011978
10011979
10011980
10011981
10011982
10011983
10011984
10011985
10011986
10011987
10011988
10011989
10011990
10011991
10011992
10011993
10011994
10011995
10011996
10011997
10011998
10011999
10012000
10012001
10012002
10012003
10012004
10012005
10012006
10012007
10012008
10012009
10012010
10012011
10012012
10012013
10012014
10012015
10012016
10012017
10012018
10012019
10012020
10012021
10012022
10012023
10012024
10012025
1002
1003
1004
1005
1006
1007
1008
1009
1010
1011
1012
1013
1014
1015
1016
1017
1018
1019
1020
1021
1022
1023
1024
1025
1026
1027
1028
11
1101
11011950
11011951
11011952
11011953
11011954
11011955
11011956
11011957
11011958
11011959
11011960
11011961
11011962
11011963
11011964
11011965
11011966
11011967
11011968
11011969
11011970
11011971
11011972
11011973
11011974
11011975
11011976
11011977
11011978
11011979
11011980
11011981
11011982
11011983
11011984
11011985
11011986
11011987
11011988
11011989
11011990
11011991
11011992
11011993
11011994
11011995
11011996
11011997
11011998
11011999
11012000
11012001
11012002
11012003
11012004
11012005
11012006
11012007
11012008
11012009
11012010
11012011
11012012
11012013
11012014
11012015
11012016
11012017
11012018
11012019
11012020
11012021
11012022
11012023
11012024
11012025
1102
1103
1104
1105
1106
1107
1108
1109
1110
1111
1112
1113
1114
1115
1116
1117
1118
1119
1120
1121
1122
1123
1124
1125
1126
1127
1128
12
1201
12011950
12011951
12011952
12011953
12011954
12011955
12011956
12011957
12011958
12011959
12011960
12011961
12011962
12011963
12011964
12011965
12011966
12011967
12011968
12011969
12011970
12011971
12011972
12011973
12011974
12011975
12011976
12011977
12011978
12011979
12011980
12011981
12011982
12011983
12011984
12011985
12011986
12011987
12011988
12011989
12011990
12011991
12011992
12011993
12011994
12011995
12011996
12011997
12011998
12011999
12012000
12012001
12012002
12012003
12012004
12012005
12012006
12012007
12012008
12012009
12012010
12012011
12012012
12012013
12012014
12012015
12012016
12012017
12012018
12012019
12012020
12012021
12012022
12012023
12012024
12012025
1202
1203
1204
1205
1206
1207
1208
1209
1210
1211
1212
1213
1214
1215
1216
1217
1218
1219
1220
1221
1222
1223
1224
1225
1226
1227
1228
13
14
15
16
17
18
19
1950
1950!
1950#
1950$
19501950
1950@
1951
1951!
1951#
1951$
19511951
1951@
1952
1952!
1952#
1952$
19521952
1952@
1953
1953!
1953#
1953$
19531953
1953@
1954
1954!
1954#
1954$
19541954
1954@
1955
1955!
1955#
1955$
19551955
1955@
1956
1956!
1956#
1956$
19561956
1956@
1957
1957!
1957#
1957$
19571957
1957@
1958
1958!
1958#
1958$
19581958
1958@
1959
1959!
1959#
1959$
19591959
1959@
1960
1960!
1960#
1960$
19601960
1960@
1961
1961!
1961#
1961$
19611961
1961@
1962
1962!
1962#
1962$
19621962
1962@
1963
1963!
1963#
1963$
19631963
1963@
1964
1964!
1964#
1964$
19641964
1964@
1965
1965!
1965#
1965$
19651965
1965@
1966
1966!
1966#
1966$
19661966
1966@
1967
1967!
1967#
1967$
19671967
1967@
1968
1968!
1968#
1968$
19681968
1968@
1969
1969!
1969#
1969$
19691969
1969@
1970
1970!
1970#
1970$
19701970
1970@
1971
1971!
1971#
1971$
19711971
1971@
1972
1972!
1972#
1972$
19721972
1972@
1973
1973!
1973#
1973$
19731973
1973@
1974
1974!
1974#
1974$
19741974
1974@
1975
1975!
1975#
1975$
19751975
1975@
1976
1976!
1976#
1976$
19761976
1976@
1977
1977!
1977#
1977$
19771977
1977@
1978
1978!
1978#
1978$
19781978
1978@
1979
1979!
1979#
1979$
19791979
1979@
1980
1980!
1980#
1980$
19801980
1980@
1981
1981!
1981#
1981$
19811981
1981@
1982
1982!
1982#
1982$
19821982
1982@
1983
1983!
1983#
1983$
19831983
1983@
1984
1984!
1984#
1984$
19841984
1984@
1985
1985!
1985#
1985$
19851985
1985@
1986
1986!
1986#
1986$
19861986
1986@
1987
1987!
1987#
1987$
19871987
1987@
1988
1988!
1988#
1988$
19881988
1988@
1989
1989!
1989#
1989$
19891989
1989@
1990
1990!
1990#
1990$
19901990
1990@
1991
1991!
1991#
1991$
19911991
1991@
1992
1992!
1992#
1992$
19921992
1992@
1993
1993!
1993#
1993$
19931993
1993@
1994
1994!
1994#
1994$
19941994
1994@
1995
1995!
1995#
1995$
19951995
1995@
1996
1996!
1996#
1996$
19961996
1996@
1997
1997!
1997#
1997$
19971997
1997@
1998
1998!
1998#
1998$
19981998
1998@
1999
1999!
1999#
1999$
19991999
1999@
20
2000
2000!
2000#
2000$
20002000
2000@
2001
2001!
2001#
2001$
20012001
2001@
2002
2002!
2002#
2002$
20022002
2002@
2003
2003!
2003#
2003$
20032003
2003@
2004
2004!
2004#
2004$
20042004
2004@
2005
2005!
2005#
2005$
20052005
2005@
2006
2006!
2006#
2006$
20062006
2006@
2007
2007!
2007#
2007$
20072007
2007@
2008
2008!
2008#
2008$
20082008
2008@
2009
2009!
2009#
2009$
20092009
2009@
2010
2010!
2010#
2010$
20102010
2010@
2011
2011!
2011#
2011$
20112011
2011@
2012
2012!
2012#
2012$
20122012
2012@
2013
2013!
2013#
2013$
20132013
2013@
2014
2014!
2014#
2014$
20142014
2014@
2015
2015!
2015#
2015$
20152015
2015@
2016
2016!
2016#
2016$
20162016
2016@
2017
2017!
2017#
2017$
20172017
2017@
2018
2018!
2018#
2018$
20182018
2018@
2019
2019!
2019#
2019$
20192019
2019@
2020
2020!
2020#
2020$
20202020
2020@
2021
2021!
2021#
2021$
20212021
2021@
2022
2022!
2022#
2022$
20222022
2022@
2023
2023!
2023#
2023$
20232023
2023@
2024
2024!
2024#
2024$
20242024
2024@
2025
2025!
2025#
2025$
20252025
2025@
21
22
23
24
25
50
51
52
53
54
55
56
57
58
59
60
61
62
63
64
65
66
67
68
69
70
71
72
73
74
75
76
77
78
79
80
81
82
83
84
85
86
87
88
89
90
91
92
93
94
95
96
97
98
99
